$ANSIBLE_VAULT;1.1;AES256
62333961336530643738393563646163636166303939386662303630623738323935313266666438
6135323032376138303566623637386264343633313236360a386335636538343032393233366430
39323664383836323336646164386532663036323462383463333331376537346263336131613331
3835656432626433370a623632653565386165616666353762616337303961613861643866626461
30636131643839386161333735636330356663356365373636306364633664326264373163336436
37636662313235643262306362393132663335363165326264396366313362623863393063323130
31653633326464393462396163626239643337623135653761306161353735326361333066343539
39646135343464303636666634656638653666353734666634613939386637353931346466376235
65393238623539633863643736303936326138623661616137326565646161383461373565393235
38353661366561626337643833366465383834313537666538633464346361316237363534326663
39613034303234393835333734646562366266316135363838666366386432646235376430326632
39656335643437323437373337656635363233343438616235646537353764313232316331623561
31363638303835626634373438326439656234383931303863653663643638633233333664353061
37616235636636373732393931396437613866356438616664343439633766326235396532636632
66343139646162373632653738663934386363303236343263613538633962393865353265376533
37313464613563353032343636313832323636653765313833363930346463663530356335313431
64343438636333333536343831646635306335343861353139376236333337656266346135376531
65613231643966623338356632383435373238373939396235396266303537303265343533363065
33656631636337626664656365363530353037326632636531373335376231313835616631646634
34663866336133356236363933643139643262643563383863633935396464623561376261636533
66633466646565633765333231653936323532373933336432363534356664643264393563626164
62626166653935316538393933663834306666623633316634393732623165346366653266326238
63376336646362666466306363623235393330396463636530643436323066383039626562333830
65643462656433396363633534663738313934613232333963303162623662643765636437616337
66626432306433376464633162346463316565373535396563656537333430376561616330346530
64653765613833373233623430653832333037626533383332333861366233316664626631643136
65353530633561313361363733336665393930303731313137313235306463353635633935323831
38623535643639366165366435333234316437353634353033323265386131613564306566326363
65373461353563613130623861616231306266306661383931616365373034373930663933363537
38613463333636623830306531613666316161666231663864346136386337633837383634333434
39356439323533373566333430373065636433626464663339373939373039656638383863303335
35343933333462373837373630646665613536343666616434323065343761366238636139363537
35653230343666666230333930393434336130633335343230633961356531646135613764396532
31616530346238333663333531643364623930343736613937623339663439346138363738613033
32646264643836636463623832306366386165663563396434626233643962663861363261303130
61653162396639656632386666366432376364396661333339643466646232663336333233313666
36346664366165656339363965633534393661333537356639623033343533666139316631383264
31656564326363323531373130316431623262626433323331396534393362623031303832303138
32663139393963366663613736313630393865326465326337393866396232633031336665323365
61643462323733333333663437326230343062383235363636333161343162623064366531633138
37396165356333623862613063303661633432643832353837653063383138633665623562646133
63346336373034643036656138363530383061656133323838366266646137653061366664646564
38656562336464326366626361383239323937393861346637333631343034653238316263373933
34376464623264633030383363343439393564376339633864373934616265333530366664386436
38326638623666383763623165636165306663373236393261356665333462366230656136386163
30636337396432363065613131613361633964623266336636376161386334623430623939393561
34383635386466333435353730356339666338303636333262336465643736636232363234626665
62343762646331633431366130363964363933616461623530376532393966326266666337353331
66626435653239653939633863353731643238393037313935363032373332386164386130383166
63376539363162623935323164616463623035316165396161636537646163643731393566356438
66393932656235663566643631376166326133313861393663343732333666336366666561346437
35336235323265636330646138333336666564356666336461643835613431346238393965363731
65323130306132646336313638313837336664373164333938336538646631636339633033303161
66396437663834353638656366303262626631363935386261653361373337613865396135386531
66393336636239663834633534336638363562353462393931633962386130626461323235613936
62333361356131313065646462626465356263323465653066653462323537633739613231393035
37353030376538386162333938613931313964323736663634646236353432666366396135306434
61386236306230653438383236653836326362343833653236373132373538613466346530616439
39393336323861386161343466346234613336303364376532353339396565303936313764323535
63323039346561643039366561663038333836373561333031363636613530313636373964363634
32656634346465663534336666623636623134383466646663613136626439316263623339386231
61303466346265383065636538383463303931663132663331346533633666353366306336656631
38383335393066396361343533353633666433323466643030366466373434393463636631323136
66343762316564353361353137313833373638626163373239393331343031633439366266346536
34393033653132633066666434343264326439666661313263636462613962353662333834633639
36636161646335623665363165363437316162313264373238643063343463303863663830306230
38623164663634613432383565623931653032326231646166643938386565346462386432353536
62383932663066326632666166613137303461373031613261306461303664613233306465366166
35383838353830313133616332643930653233666332613731383639323635656135626633323039
34313661396330353461336338336633303632613563386661643463343039373830663037663532
32363065383532383739636138303734383562613266653836356138303231643733306236343134
36363833366363373764323361316163313734623865633961323331316361323837383962313561
32666238366565373932326532326566383438623131636531366533396566396632373237393339
34663166386332326366616535366337393430666166643961373235383737366431393132363039
39353136383137356239336130656364303961373337383663316431653231613230346338346631
36656464633966636461393836306162356162633038356132656130663464326539396238323566
30633063616333386165343738386561366131646262313366313538613732376335623166343562
66366664336632646564653263333239623661393231616533353735626662386363663238343735
64643864656665343836353264653838383537303062396131306361386433356639393162343232
32643537613134653033376537313865663235333665376535316137623662366134336365306162
38333332323737353731323334306533663164643437646437666533653530386265376633343532
38303137303463393236626233393865653931613034363030386437646164323332343539313165
64643864303938333531346530353963333661323661343434623736393436643831316561323932
39303139633962366235346162313030663937613931376436646333346565656530343032353438
61663635373632393365396566383439663166373535643330303736613866613362623963323434
35326363323532623731663563643132363739393866643630316462323232386337623335326632
64343662333030343436323961656139306434313536343535363330343338376265633832663939
34353566373436373561656331356264383334343735396262633465623032303665613336633637
30303038613438313135373266623736653232346137633234663762646466333135353432626565
38356235346365386662363438396236373737633964366364353334336534613165393863303633
36316636316630356136316463373464363361326338356564366463393135333733613736646630
39323939353834333861313731376161376265303930616431353537393334306436363930656466
33346535343734613164346637353364346462636435613530656435303531386337313834396634
66383065393362336538373162633663333836383730313838663633633136363466306661636237
33373336323030313766306130353336396638303630363638396232666434303235336434366136
37346163633237663133636436643536346231343534663062376565346639343266333064353430
36383236323136616434643435636262653637666338343831356562316135653834386466346463
33663466393061653462373863303231336635623561306634353032323138633839636564623261
37333734356664366261663035313339653538326439313735313964373639336633353065336236
62643030626537333733663037613337613639363363376532633035663830613166393266386535
31303566393839363335306266393764623335313032393838623738363135363362353337666135
33346337303764643739366437626339383230313131363835396462666365303461303434356130
30623264353330656663636134616234663232353634373739633163393132626363643563383639
36313164356562643537666263333035633236666232336334383038363839353236373634383733
62356439646266616162386131356130633035646537386133353434326430303639366361306265
33386336636532313232376430333066613065663966303034313265373738303361616632383732
39333231613033356131363830613866363536646330623464363636313339333166636330613037
65663035343465656336636639333433323865336566303932396265393034626461366634656630
38643863646139656233626631326335383465383839626631306265663663333364323732353034
32643133343134313035316563396633653634366533396535623138343835373335663065303438
39356138336537633064393636386436316532333837316536653430393938313866333738336134
30353135383036363964383533616437636134386135306665636434336530336331613635653035
35666164646139636632343936653830643638393465303464323331643535343230303332353932
38333139656663666162366530613465336263666438333832643630323566353236383137656632
36653236333463383266663630613034333438613038656165633365326130623164393637353761
66623232653363386332626233656230663361633531393039663762653433336336646263376538
36306564626134356561326664613663393536343966373838643664653564383233326631633866
62313563383865326432303536376564616333616535386634383237623566613337383338396161
64323431343438623531646164316235333733666438616534356431303739383633636436643864
35373938626265613464393636336361643337656665626638343232343561303832343261616139
38363365636231656461623137653764653233376132623431306263333737323938663435383134
61316330303133633634313163323462336535393431336531323630366237316263366665333865
32326665393431636665653232646239646462646130666230616434313731633366306438313266
61353435393935653239646333656262313635393134633662393431626466303563346363323961
62396339616639656364383335643731613939343032323438643465353438356531333064616561
62353062386137633037336533383138613166653537633339613131383463643234393962616263
63376632623361346433313264373632396239373431646361626337336465626331643265386563
37323538383763653164343166383862386431393732623530323866363462353839353061626531
30616234396434373837643333333761333764383736306638653661393561353365393434356264
35636533613066386431306361376261396463643763613433313066356135316366613461306365
62373132346535396466326461666565643337303865663663306461373432393962323236363130
63323863316237343131626366356232316633326334313533643233313837386463373461316162
64313239393234623430356236323461323538396634386361613562396630353034393037323364
31626230313937643132613865363432323165383530646233653830333064353739376335366336
653139633137633766336431616136333765
